Electricity_336_96_DLinear_custom_ftM_sl336_ll48_pl96_dm512_nh8_el2_dl1_df2048_fc1_ebtimeF_dtTrue_Exp_0  
mse:0.1400403380393982, mae:0.2373531013727188, rse:0.3720317780971527, corr:[0.4614362  0.46880767 0.4654186  0.46571693 0.4703105  0.47038874
 0.46589515 0.47020197 0.46995458 0.46531272 0.4696755  0.46510088
 0.4695507  0.46503866 0.46500456 0.4694744  0.4649404  0.46489424
 0.4648333  0.4647492  0.46914706 0.46468094 0.46467254 0.4691631
 0.46470004 0.464787   0.46931252 0.46483552 0.46920592 0.46905795
 0.46891615 0.46435085 0.46876338 0.46874437 0.46423957 0.46423396
 0.46872675 0.46876776 0.4688177  0.46880373 0.46434125 0.4688231
 0.468844   0.4644304  0.4688698  0.46890318 0.46895695 0.4644885
 0.4689555  0.46452978 0.46901488 0.46450382 0.46439558 0.4643228
 0.46870667 0.46420276 0.46852764 0.46396205 0.46835864 0.46832815
 0.46392715 0.46396732 0.4640179  0.4684923  0.4640683  0.46409476
 0.46862093 0.46863943 0.46864185 0.46864435 0.4641107  0.46407345
 0.46396846 0.46844897 0.4684405  0.46843973 0.46393305 0.46387374
 0.46386492 0.46824783 0.46360552 0.46788532 0.46781603 0.46778733
 0.46781492 0.46785873 0.46348765 0.46352035 0.46361908 0.4681225
 0.46816546 0.46817112 0.46367255 0.46369177 0.46367145 0.46816435]

Electricity_336_96_DLinear_custom_ftM_sl336_ll48_pl96_dm512_nh8_el2_dl1_df2048_fc1_ebtimeF_dtTrue_Exp_0  
mse:0.13865630328655243, mae:0.23555245995521545, rse:0.37225985527038574, corr:[0.4620076  0.46926874 0.46589568 0.47057602 0.47066554 0.4662945
 0.47065884 0.4704646  0.4701905  0.4699983  0.46545097 0.46532896
 0.4697033  0.46964538 0.4695955  0.4651607  0.4695028  0.469444
 0.46936983 0.46927077 0.4691802  0.46917036 0.4647273  0.4691365
 0.46908873 0.4646979  0.4646991  0.4646486  0.46892253 0.46873787
 0.46856344 0.4640232  0.46393743 0.46831328 0.46384528 0.4638208
 0.4682402  0.46826872 0.46388808 0.46827978 0.46386105 0.46827662
 0.4682853  0.4639176  0.46387053 0.46830943 0.4683514  0.46392044
 0.4682951  0.4683034  0.46386668 0.4638078  0.46366543 0.4679833
 0.46345767 0.46782455 0.46324566 0.46755743 0.46305344 0.46301284
 0.46749073 0.46752343 0.46756506 0.46314093 0.46759686 0.46761402
 0.4676608  0.46767202 0.46766457 0.46765813 0.46758616 0.46753442
 0.46740183 0.4673847  0.46735463 0.46291694 0.4672855  0.46721217
 0.46718892 0.46708953 0.46691    0.46671247 0.46222195 0.46218592
 0.46662077 0.4666563  0.46675152 0.46235922 0.46245182 0.4668926
 0.46692815 0.462507   0.46246946 0.46247855 0.4624494  0.46687552]

Electricity_180_96_DLinear_other_ftS_sl180_ll30_pl30_dm512_nh8_el2_dl1_df2048_fc1_ebtimeF_dtTrue_Exp_0  
mse:1.1155359745025635, mae:0.8290907144546509, rse:2.3260557651519775, corr:[ 0.18626747 -0.11633343  0.18809155  0.18591028  0.1468988  -0.1491282
  0.12728103 -0.09403753  0.13116959 -0.04391015  0.04938693 -0.11024168
 -0.02407994 -0.06609671 -0.00908038  0.01763678 -0.05668847 -0.0449869
  0.0491582   0.07163407  0.01451797 -0.03611636 -0.06275262  0.04911268
  0.00715061 -0.19638143 -0.03387018 -0.16029093  0.02701973 -0.06007119]

Electricity_180_96_DLinear_other_ftS_sl180_ll30_pl10_dm512_nh8_el2_dl1_df2048_fc1_ebtimeF_dtTrue_Exp_0  
mse:1.1980937719345093, mae:0.8500681519508362, rse:2.3521318435668945, corr:[ 0.2063852   0.0734695   0.03475092  0.17337486 -0.00850555  0.13170715
  0.16554464  0.09089861 -0.12620658  0.01664253]

Electricity_336_96_DLinear_custom_ftS_sl336_ll48_pl96_dm512_nh8_el2_dl1_df2048_fc1_ebtimeF_dtTrue_Exp_0  
mse:0.3828312158584595, mae:0.4251537024974823, rse:1.1524313688278198, corr:[ 0.41720614  0.01445707 -0.13450976 -0.15732697 -0.04558898  0.15088855
 -0.12853903 -0.21294256  0.07215063  0.28921315  0.0346404   0.25789943
 -0.16211757 -0.21283507  0.08144849 -0.06175999 -0.14739892  0.00476338
 -0.10572395 -0.03178072  0.11980074 -0.0588043   0.07304888  0.00102437
  0.01473521  0.01206174  0.04304849 -0.00642934  0.16804966  0.31595233
 -0.21059543 -0.06548978 -0.06839142  0.04556778 -0.01318009  0.04094141
 -0.05278927 -0.04808573  0.18132615  0.22283787 -0.008613   -0.11035923
  0.11061248  0.19543822  0.2904147   0.06414253 -0.24498975 -0.13709868
  0.15781295  0.04246513  0.03742287 -0.2007195  -0.23409437  0.19979769
  0.05307016  0.15997784  0.08654013  0.02382505 -0.00116572 -0.2280579
 -0.08695358 -0.00110891  0.24568981  0.03420158  0.23153818  0.05348897
  0.01608224  0.24228801 -0.07169512 -0.01737967 -0.03049439 -0.20685858
 -0.24013774  0.14333421 -0.08366586  0.02656174  0.02989824 -0.09995665
  0.21359979  0.09754627  0.02771418 -0.08813389 -0.25468922 -0.18962978
  0.1340033   0.22821842 -0.03719218  0.05519311 -0.05959218 -0.13878138
  0.0747776   0.03670643 -0.13475092 -0.12525748 -0.0103571   0.08209304]

Electricity_180_96_DLinear_other_ftS_sl180_ll30_pl30_dm512_nh8_el2_dl1_df2048_fc1_ebtimeF_dtTrue_Exp_0  
mse:1.1982536315917969, mae:0.8535314202308655, rse:1.078121542930603, corr:[ 1.2101369  -0.12493421  0.89344853  0.9126386   0.7270214  -0.08833822
  0.56604946 -0.04616482  0.66091096  0.3416925  -0.3391837  -0.6855872
  0.44899687 -0.1779311   0.584174    0.2808015  -0.08368324  0.487917
  0.5316715   0.11563943  0.60554177  0.250954   -0.9679996  -0.14536884
  0.6320298  -0.32194823 -0.6116361  -0.25009164  0.4487437   0.36611122]

Electricity_180_96_DLinear_other_ftS_sl180_ll30_pl90_dm512_nh8_el2_dl1_df2048_fc1_ebtimeF_dtTrue_Exp_0  
mse:1.30572509765625, mae:0.8925577402114868, rse:1.1513949632644653, corr:[ 0.98690283  0.5287138   0.10178521 -0.5757323  -0.03467412 -0.07113338
 -0.26624575  0.5345264   0.625821   -0.3494725   0.16283631  0.08744554
  0.274418   -0.063347   -0.13191655  0.32559338  0.39142767 -0.0542463
 -0.5871416  -0.19631903 -0.10728611 -0.3379621   0.24299556  0.10465953
  0.25854525 -0.2041977  -0.10768016  0.10913454 -0.45869312  0.37807116
 -0.29376474  0.40602773  0.27619505  0.14767544  0.20707032  0.4415898
 -0.14243643  0.29250088 -0.04066652  0.13577066 -0.04527019  0.0261234
 -0.3620651   0.21828543 -0.024082    0.21898626  0.44485575  0.20810932
 -0.05209969 -0.16968921 -0.22254348 -0.2057253   0.2335315  -0.19065073
  0.15332606 -0.10765716 -0.19242015 -0.01198103 -0.26238745  0.12260061
 -0.03330734 -0.27253312 -0.2830305   0.13403286  0.2506473  -0.27619898
 -0.27496323  0.14752935  0.18178363 -0.09750252 -0.14282836 -0.28121027
  0.05000148 -0.27725887 -0.09030094  0.12792787  0.17580736  0.07401671
 -0.21672323  0.13371977  0.3129615   0.19578865  0.08307942  0.29043135
  0.2827832  -0.04053894 -0.10690863  0.15164126  0.06994864  0.11495008]

